#
50 2
62 38
99 38
69 60
80 94
79 95
78 93
75 92
78 91
#
49 3
50 5
39 38
4 39
31 59
28 72
21 91
23 93
20 95
21 93
#
49 4
48 7
#
51 7
51 8
#
47 9
47 10
#
52 10
52 11
#
46 12
46 13
#
53 13
53 14
#
45 15
45 16
#
54 16
54 17
#
44 18
44 19
#
55 19
55 20
#
43 21
43 22
#
56 23
#
42 25
#
57 26
57 27
#
41 28
41 29
#
58 29
58 30
#
40 31
40 32
#
59 32
59 33
#
39 34
39 35
#
60 35
60 36
#
38 37
#
1 38
4 38
3 39
6 42
#
61 38
#
2 39
#
8 43
17 50
#
90 43
91 43
#
89 44
88 45
#
86 46
84 48
#
82 49
73 56
#
19 51
24 55
#
26 56
27 57
#
71 57
68 59
#
30 59
#
30 62
#
69 63
#
29 65
#
70 66
#
28 68
#
71 69
71 70
#
27 71
27 72
#
72 72
72 73
#
26 74
26 75
#
48 74
51 74
66 84
74 90
75 91
73 91
63 83
#
46 75
48 75
39 82
25 92
23 92
#
73 75
73 76
#
45 76
44 77
#
25 77
25 78
#
56 78
61 82
#
74 78
74 79
#
41 79
36 83
#
24 80
24 81
#
75 81
75 82
#
23 83
23 84
#
34 84
25 91
#
76 84
76 85
#
22 86
22 87
#
77 87
77 88
