00000000000000000000000000000000000000000000000000000000000000000000000000000000000000000000000000000000000000000000000000000000000000000000000000000000000000000000000000000000000000000000000000000000
00000000000000000000000000000000000000000000000000000000000000000000000000000000000000000000000000000000000000000000000000000000000000000000000000000000000000000000000000000000000000000000000000000000
00000000000000000000000000000000000000000000000000000000000000000000000000000000000000000000000000000000000000000000000000000000000000000000000000000000000000000000000000000000000000000000000000000000
00000000000000000000000000000000000000000000000000000000000000000000000000000000000000000000000000000000000000000000000000000000000000000000000000000000000000000000000000000000000000000000000000000000
00000000000000000000000000000000000000000000000000000000000000000000000000000000000000000000000000000000000000000000000000000000000000000000000000000000000000000000000000000000000000000000000000000000
00000000000000000000000000000000000000000000000000000000000000000000000000000000000000000000000000000000000000000000000000000000000000000000000000000000000000000000000000000000000000000000000000000000
00000000000000000000000000000000000000000000000000000000000000000000000000000000000000000000000000000000000000000000000000000000000000000000000000000000000000000000000000000000000000000000000000000000
00000000000000000000000000000000000000000000000000000000000000000000000000000000000000000000000000000000000000000000000000000000000000000000000000000000000000000000000000000000000000000000000000000000
00000000000000000000000000000000000000000000000000000000000000000000000000000000000000000000000000000000000000000000000000000000000000000000000000000000000000000000000000000000000000000000000000000000
00000000000000000000000000000000000000000000000000000000000000000000000000000000000000000000000000000000000000000000000000000000000000000000000000000000000000000000000000000000000000000000000000000000
00000000000000000000000000000000000000000000000000000000000000000000000000000000000000000000000000000000000000000000000000000000000000000000000000000000000000000000000000000000000000000000000000000000
00000000000000000000000000000000000000000000000000000000000000000000000000000000000000000000000000000000000000000000000000000000000000000000000000000000000000000000000000000000000000000000000000000000
00000000000000000000000000000000000000000000000000000000000000000000000000000000000000000000000000000000000000000000000000000000000000000000000000000000000000000000000000000000000000000000000000000000
00000000000000000000000000000000000000000000000000000000000000000000000000000000000000000000000000000000000000000000000000000000000000000000000000000000000000000000000000000000000000000000000000000000
00000000000000000000000000000000000000000000000000000000000000000000000000000000000000000000000000000000000000000000000000000000000000000000000000000000000000000000000000000000000000000000000000000000
00000000000000000000000000000000000000000000000000000000000000000000000000000000000000000000000000000000000000000000000000000000000000000000000000000000000000000000000000000000000000000000000000000000
00000000000000000000000000000000000000000000000000000000000000000000000000000000000000000000000000000000000000000000000000000000000000000000000000000000000000000000000000000000000000000000000000000000
00000000000000000000000000000000000000000000000000000000000000000000000000000000000000000000000000000000000000000000000000000000000000000000000000000000000000000000000000000000000000000000000000000000
00000000000000000000000000000000000000000000000000000000000000000000000000000000000000000000000000000000000000000000000000000000000000000000000000000000000000000000000000000000000000000000000000000000
00000000000000000000000000000000000000000000000000000000000000000000000000000000000000000000000000000000000000000000000000000000000000000000000000000000000000000000000000000000000000000000000000000000
00000000000000000000000000000000000000000000000000000000000000000000000000000000000000000000000000000000000000000000000000000000000000000000000000000000000000000000000000000000000000000000000000000000
00000000000000000000000000000000000000000000000000000000000000000000000000000000000000000000000000000000000000000000000000000000000000000000000000000000000000000000000000000000000000000000000000000000
00000000000000000000000000000000000000000000000000000000000000000000000000000000000000000000000000000000000000000000000000000000000000000000000000000000000000000000000000000000000000000000000000000000
00000000000000000000000000000000000000000000000000000000000000000000000000000000000000000000000000000000000000000000000000000000000000000000000000000000000000000000000000000000000000000000000000000000
00000000000000000000000000000000000000000000000000000000000000000000000000000000000000000000000000000000000000000000000000000000000000000000000000000000000000000000000000000000000000000000000000000000
00000000000000000000000000000000000000000000000000000000000000000000000000000000000000000000011111111111111100000000000000000000000000000000000000000000000000000000000000000000000000000000000000000000
00000000000000000000000000000000000000000000000000000000000000000000000000000000000000001111111000000000001111111000000000000000000000000000000000000000000000000000000000000000000000000000000000000000
00000000000000000000000000000000000000000000000000000000000000000000000000000000000001111100000000000000000000011111000000000000000000000000000000000000000000000000000000000000000000000000000000000000
00000000000000000000000000000000000000000000000000000000000000000000000000000000001111000000000000000000000000000001111000000000000000000000000000000000000000000000000000000000000000000000000000000000
00000000000000000000000000000000000000000000000000000000000000000000000000000000111100000000000000000000000000000000011110000000000000000000000000000000000000000000000000000000000000000000000000000000
00000000000000000000000000000000000000000000000000000000000000000000000000000011100000000000000000000000000000000000000011100000000000000000000000000000000000000000000000000000000000000000000000000000
00000000000000000000000000000000000000000000000000000000000000000000000000000110000000000000000000000000000000000000000000110000000000000000000000000000000000000000000000000000000000000000000000000000
00000000000000000000000000000000000000000000000000000000000000000000000000011100000000000000000000000000000000000000000000011100000000000000000000000000000000000000000000000000000000000000000000000000
00000000000000000000000000000000000000000000000000000000000000000000000000110000000000000000000000000000000000000000000000000110000000000000000000000000000000000000000000000000000000000000000000000000
00000000000000000000000000000000000000000000000000000000000000000000000011100000000000000000000000000000000000000000000000000011100000000000000000000000000000000000000000000000000000000000000000000000
00000000000000000000000000000000000000000000000000000000000000000000000110000000000000000000000000000000000000000000000000000000110000000000000000000000000000000000000000000000000000000000000000000000
00000000000000000000000000000000000000000000000000000000000000000000001100000000000000000000000000000000000000000000000000000000011000000000000000000000000000000000000000000000000000000000000000000000
00000000000000000000000000000000000000000000000000000000000000000000011000000000000000000000000000000000000000000000000000000000001100000000000000000000000000000000000000000000000000000000000000000000
00000000000000000000000000000000000000000000000000000000000000000000110000000000000000000000000000000000000000000000000000000000000110000000000000000000000000000000000000000000000000000000000000000000
00000000000000000000000000000000000000000000000000000000000000000001100000000000000000000000000000000000000000000000000000000000000011000000000000000000000000000000000000000000000000000000000000000000
00000000000000000000000000000000000000000000000000000000000000000011000000000000000000000000000000000000000000000000000000000000000001100000000000000000000000000000000000000000000000000000000000000000
00000000000000000000000000000000000000000000000000000000000000000110000000000000000000000000000000000000000000000000000000000000000000110000000000000000000000000000000000000000000000000000000000000000
00000000000000000000000000000000000000000000000000000000000000001100000000000000000000000000000000000000000000000000000000000000000000011000000000000000000000000000000000000000000000000000000000000000
00000000000000000000000000000000000000000000000000000000000000001000000000000000000000000000000000000000000000000000000000000000000000001000000000000000000000000000000000000000000000000000000000000000
00000000000000000000000000000000000000000000000000000000000000011000000000000000000000000000000000000000000000000000000000000000000000001100000000000000000000000000000000000000000000000000000000000000
00000000000000000000000000000000000000000000000000000000000000110000000000000000000000000000000000000000000000000000000000000000000000000110000000000000000000000000000000000000000000000000000000000000
00000000000000000000000000000000000000000000000000000000000000100000000000000000000000000000000000000000000000000000000000000000000000000010000000000000000000000000000000000000000000000000000000000000
00000000000000000000000000000000000000000000000000000000000001100000000000000000000000000000000000000000000000000000000000000000000000000011000000000000000000000000000000000000000000000000000000000000
00000000000000000000000000000000000000000000000000000000000011000000000000000000000000000000000000000000000000000000000000000000000000000001100000000000000000000000000000000000000000000000000000000000
00000000000000000000000000000000000000000000000000000000000010000000000000000000000000000000000000000000000000000000000000000000000000000000100000000000000000000000000000000000000000000000000000000000
00000000000000000000000000000000000000000000000000000000000110000000000000000000000000000000000000000000000000000000000000000000000000000000110000000000000000000000000000000000000000000000000000000000
00000000000000000000000000000000000000000000000000000000000100000000000000000000000000000000000000000000000000000000000000000000000000000000010000000000000000000000000000000000000000000000000000000000
00000000000000000000000000000000000000000000000000000000001100000000000000000000000000000000000000000000000000000000000000000000000000000000011000000000000000000000000000000000000000000000000000000000
00000000000000000000000000000000000000000000000000000000001100000000000000000000000000000000000000000000000000000000000000000000000000000000011000000000000000000000000000000000000000000000000000000000
00000000000000000000000000000000000000000000000000000000001000000000000000000000000000000000000000000000000000000000000000000000000000000000001000000000000000000000000000000000000000000000000000000000
00000000000000000000000000000000000000000000000000000000011000000000000000000000000000000000000000000000000000000000000000000000000000000000001100000000000000000000000000000000000000000000000000000000
00000000000000000000000000000000000000000000000000000000010000000000000000000000000000000000000000000000000000000000000000000000000000000000000100000000000000000000000000000000000000000000000000000000
00000000000000000000000000000000000000000000000000000000010000000000000000000000000000000000000000000000000000000000000000000000000000000000000100000000000000000000000000000000000000000000000000000000
00000000000000000000000000000000000000000000000000000000110000000000000000000000000000000000000000000000000000000000000000000000000000000000000110000000000000000000000000000000000000000000000000000000
00000000000000000000000000000000000000000000000000000000110000000000000000000000000000000000000000000000000000000000000000000000000000000000000110000000000000000000000000000000000000000000000000000000
00000000000000000000000000000000000000000000000000000000100000011111111111111100000000000000000000000000000000000000000000011111111111111100000010000000000000000000000000000000000000000000000000000000
00000000000000000000000000000000000000000000000000000000100111111100000000011111110000000000000000000000000000000000000111111100000000011111110010000000000000000000000000000000000000000000000000000000
00000000000000000000000000000000000000000000000000000000111100000000000000000000011110000000000000000000000000000000111100000000000000000000011110000000000000000000000000000000000000000000000000000000
00000000000000000000000000000000000000000000000000000011100000000000000000000000000011100000000000000000000000000011100000000000000000000000000011100000000000000000000000000000000000000000000000000000
00000000000000000000000000000000000000000000000000001111100000000000000000000000000000111000000000000000000000001110000000000000000000000000000011111000000000000000000000000000000000000000000000000000
00000000000000000000000000000000000000000000000000111001000000000000000000000000000000001110000000000000000000111000000000000000000000000000000001001110000000000000000000000000000000000000000000000000
00000000000000000000000000000000000000000000000011100001000000000000000000000000000000000011100000000000000011100000000000000000000000000000000001000011100000000000000000000000000000000000000000000000
00000000000000000000000000000000000000000000000110000001000000000000000000000000000000000000110000000000000110000000000000000000000000000000000001000000110000000000000000000000000000000000000000000000
00000000000000000000000000000000000000000000011100000001000000000000000000000000000000000000011100000000011100000000000000000000000000000000000001000000011100000000000000000000000000000000000000000000
00000000000000000000000000000000000000000000110000000001000000000000000000000000000000000000000110000000110000000000000000000000000000000000000001000000000110000000000000000000000000000000000000000000
00000000000000000000000000000000000000000001100000000001000000000000000000000000000000000000000011000001100000000000000000000000000000000000000001000000000011000000000000000000000000000000000000000000
00000000000000000000000000000000000000000011000000000001000000000000000000000000000000000000000001100011000000000000000000000000000000000000000001000000000001100000000000000000000000000000000000000000
00000000000000000000000000000000000000000110000000000001000000000000000000000000000000000000000000110110000000000000000000000000000000000000000001000000000000110000000000000000000000000000000000000000
00000000000000000000000000000000000000001100000000000001000000000000000000000000000000000000000000011100000000000000000000000000000000000000000001000000000000011000000000000000000000000000000000000000
00000000000000000000000000000000000000011000000000000001000000000000000000000000000000000000000000011100000000000000000000000000000000000000000001000000000000001100000000000000000000000000000000000000
00000000000000000000000000000000000000110000000000000001000000000000000000000000000000000000000000110110000000000000000000000000000000000000000001000000000000000110000000000000000000000000000000000000
00000000000000000000000000000000000000100000000000000001100000000000000000000000000000000000000000100010000000000000000000000000000000000000000011000000000000000010000000000000000000000000000000000000
00000000000000000000000000000000000001100000000000000001100000000000000000000000000000000000000001100011000000000000000000000000000000000000000011000000000000000011000000000000000000000000000000000000
00000000000000000000000000000000000011000000000000000000100000000000000000000000000000000000000011000001100000000000000000000000000000000000000010000000000000000001100000000000000000000000000000000000
00000000000000000000000000000000000010000000000000000000100000000000000000000000000000000000000010000000100000000000000000000000000000000000000010000000000000000000100000000000000000000000000000000000
00000000000000000000000000000000000110000000000000000000100000000000000000000000000000000000000110000000110000000000000000000000000000000000000010000000000000000000110000000000000000000000000000000000
00000000000000000000000000000000000100000000000000000000110000000000000000000000000000000000000100000000010000000000000000000000000000000000000110000000000000000000010000000000000000000000000000000000
00000000000000000000000000000000001100000000000000000000110000000000000000000000000000000000001100000000011000000000000000000000000000000000000110000000000000000000011000000000000000000000000000000000
00000000000000000000000000000000001000000000000000000000010000000000000000000000000000000000001000000000001000000000000000000000000000000000000100000000000000000000001000000000000000000000000000000000
00000000000000000000000000000000011000000000000000000000010000000000000000000000000000000000011000000000001100000000000000000000000000000000000100000000000000000000001100000000000000000000000000000000
00000000000000000000000000000000010000000000000000000000011000000000000000000000000000000000010000000011111111111111111000000000000000000000001100000000011111111111111100000000000000000000000000000000
00000000000000000000000000000000110000000000000000000000001000000000000000000000000000000000110001111111100110000000111111110000000000000000001000000011111100000000011111100000000000000000000000000000
00000000000000000000000000000000100000000000000000000000001100000000000000000000000000000000111111100000000010000000000000111111000000000000011000011110000000000000000010111100000000000000000000000000
00000000000000000000000000000000100000000000000000000000001100000000000000000000000000000001111000000000000010000000000000000011110000000000011001110000000000000000000010000111000000000000000000000000
00000000000000000000000000000001100000000000000000000000000100000000000000000000000000001111100000000000000011000000000000000000011110000000010111000000000000000000000011000001110000000000000000000000
00000000000000000000000000000001000000000000000000000000000110000000000000000000000000111001000000000000000001000000000000000000000011100000111100000000000000000000000001000000011100000000000000000000
00000000000000000000000000000001000000000000000000000000000010000000000000000000000011100001000000000000000001000000000000000000000000111000110000000000000000000000000001000000000110000000000000000000
00000000000000000000000000000001000000000000000000000000000011000000000000000000001110000001000000000000000001000000000000000000000000001111100000000000000000000000000001000000000011100000000000000000
00000000000000000000000000000011000000000000000000000000000001100000000000000000011000000011000000000000000001100000000000000000000000000111000000000000000000000000000001100000000000110000000000000000
00000000000000000000000000000011000000000000000000000000000000100000000000000001110000000011000000000000000001100000000000000000000000001111110000000000000000000000000001100000000000011000000000000000
00000000000000000000000000000011000000000000000000000000000000110000000000000011000000000011000000000000000001100000000000000000000000011110011000000000000000000000000001100000000000001100000000000000
00000000000000000000000000000010000000000000000000000000000000011000000000001110000000000010000000000000000000100000000000000000000000111100001110000000000000000000000000100000000000000110000000000000
00000000000000000000000000000010000000000000000000000000000000001000000000011000000000000010000000000000000000100000000000000000000001101000000011000000000000000000000000100000000000000011000000000000
00000000000000000000000000000010000000000000000000000000000000001100000000110000000000000010000000000000000000100000000000000000000011011000000001100000000000000000000000100000000000000001100000000000
00000000000000000000000000000010000000000000000000000000000000000110000001100000000000000010000000000000000000100000000000000000000010110000000000110000000000000000000000100000000000000000100000000000
00000000000000000000000000000010000000000000000000000000000000000011000011000000000000000010000000000000000000100000000000000000000111100000000000011000000000000000000000100000000000000000110000000000
00000000000000000000000000000010000000000000000000000000000000000001100110000000000000000010000000000000000000100000000000000000001111000000000000001100000000000000000000100000000000000000011000000000
00000000000000000000000000000010000000000000000000000000000000000000111100000000000000000010000000000000000000100000000000000000001110000000000000000110000000000000000000100000000000000000001000000000
00000000000000000000000000000010000000000000000000000000000000000000011000000000000000000010000000000000000000100000000000000000011100000000000000000011000000000000000000100000000000000000001100000000
00000000000000000000000000000010000000000000000000000000000000000000111100000000000000000010000000000000000000100000000000000000011000000000000000000001100000000000000000100000000000000000000100000000
00000000000000000000000000000011000000000000000000000000000000000001100110000000000000000011000000000000000001100000000000000000110000000000000000000000110000000000000001100000000000000000000110000000
00000000000000000000000000000011000000000000000000000000000000000011000011100000000000000011000000000000000001100000000000000011100000000000000000000000011000000000000001100000000000000000000010000000
00000000000000000000000000000011000000000000000000000000000000000010000000110000000000000011000000000000000001100000000000000111100000000000000000000000001000000000000001100000000000000000000011000000
00000000000000000000000000000001000000000000000000000000000000000110000000011100000000000001000000000000000001000000000000011101000000000000000000000000001100000000000001000000000000000000000001000000
00000000000000000000000000000001000000000000000000000000000000001100000000000110000000000001000000000000000001000000000000110001000000000000000000000000000110000000000001000000000000000000000001000000
00000000000000000000000000000001000000000000000000000000000000001000000000000011100000000001000000000000000001000000000011100011000000000000000000000000000010000000000001000000000000000000000001100000
00000000000000000000000000000001100000000000000000000000000000011000000000000000111100000001100000000000000011000000011110000010000000000000000000000000000011000000000011000000000000000000000000100000
00000000000000000000000000000000100000000000000000000000000000110000000000000000001111000000100000000000000010000001111000000010000000000000000000000000000001100000000010000000000000000000000000100000
00000000000000000000000000000000100000000000000000000000000000100000000000000000000001111100100000000000000010011111000000000110000000000000000000000000000000100000000010000000000000000000000000110000
00000000000000000000000000000000110000000000000000000000000001100000000000000000000000001111111000000000001111111000000000000110000000000000000000000000000000110000000110000000000000000000000000110000
00000000000000000000000000000000010000000000000000000000000001000000000000000000000000000000011111111111111100000000000000000110000000000000000000000000000000010000000100000000000000000000000000110000
00000000000000000000000000000000011000000000000000000000000011000000000000000000000000000000011000000000001100000000000000000100000000000000000000000000000000011000001100000000000000000000000000010000
00000000000000000000000000000000001000000000000000000000000010000000000000000000000000000000001000000000001000000000000000000100000000000000000000000000000000001000001000000000000000000000000000010000
00000000000000000000000000000000001100000000000000000000000110000000000000000000000000000000001100000000011000000000000000000100000000000000000000000000000000001100011000000000000000000000000000010000
00000000000000000000000000000000000100000000000000000000000100000000000000000000000000000000000100000000010000000000000000000100000000000000000000000000000000000100010000000000000000000000000000010000
00000000000000000000000000000000000110000000000000000000000100000000000000000000000000000000000110000000110000000000000000000100000000000000000000000000000000000100110000000000000000000000000000010000
00000000000000000000000000000000000010000000000000000000001100000000000000000000000000000000000010000000100000000000000000000100000000000000000000000000000000000110100000000000000000000000000000010000
00000000000000000000000000000000000011000000000000000000001000000000000000000000000000000000000011000001100000000000000000000100000000000000000000000000000000000011100000000000000000000000000000010000
00000000000000000000000000000000000001100000000000000000011000000000000000000000000000000000000001100011000000000000000000000100000000000000000000000000000000000011000000000000000000000000000000010000
00000000000000000000000000000000000000100000000000000000011000000000000000000000000000000000000000100010000000000000000000000100000000000000000000000000000000000011000000000000000000000000000000010000
00000000000000000000000000000000000000110000000000000000010000000000000000000000000000000000000000110110000000000000000000000110000000000000000000000000000000000111000000000000000000000000000000110000
00000000000000000000000000000000000000011000000000000000010000000000000000000000000000000000000000011100000000000000000000000110000000000000000000000000000000001101000000000000000000000000000000110000
00000000000000000000000000000000000000001100000000000000110000000000000000000000000000000000000000011100000000000000000000000110000000000000000000000000000000011001100000000000000000000000000000110000
00000000000000000000000000000000000000000110000000000000110000000000000000000000000000000000000000110110000000000000000000000010000000000000000000000000000000110001100000000000000000000000000000100000
00000000000000000000000000000000000000000011000000000000100000000000000000000000000000000000000001100011000000000000000000000010000000000000000000000000000001100000100000000000000000000000000000100000
00000000000000000000000000000000000000000001100000000000100000000000000000000000000000000000000011000001100000000000000000000011000000000000000000000000000011000000100000000000000000000000000001100000
00000000000000000000000000000000000000000000110000000000100000000000000000000000000000000000000110000000110000000000000000000001000000000000000000000000000110000000100000000000000000000000000001000000
00000000000000000000000000000000000000000000011100000001100000000000000000000000000000000000011100000000011100000000000000000001000000000000000000000000011100000000110000000000000000000000000001000000
00000000000000000000000000000000000000000000000110000001100000000000000000000000000000000000110000000000000110000000000000000001100000000000000000000000110000000000110000000000000000000000000011000000
00000000000000000000000000000000000000000000000011100001100000000000000000000000000000000011100000000000000011100000000000000000100000000000000000000011100000000000110000000000000000000000000010000000
00000000000000000000000000000000000000000000000000111001000000000000000000000000000000001110000000000000000000111000000000000000110000000000000000001110000000000000010000000000000000000000000110000000
00000000000000000000000000000000000000000000000000001111000000000000000000000000000000111000000000000000000000001110000000000000010000000000000000111000000000000000010000000000000000000000000100000000
00000000000000000000000000000000000000000000000000000011100000000000000000000000000011100000000000000000000000000011100000000000011000000000000011100000000000000000010000000000000000000000001100000000
00000000000000000000000000000000000000000000000000000001111100000000000000000000011110000000000000000000000000000000111100000000001000000000011110000000000000000000010000000000000000000000001000000000
00000000000000000000000000000000000000000000000000000001000111111100000000011111110000000000000000000000000000000000000111111100001100011111110000000000000000000000010000000000000000000000011000000000
00000000000000000000000000000000000000000000000000000001000000011111111111111100000000000000000000000000000000000000000000011111111111111100000000000000000000000000010000000000000000000000110000000000
00000000000000000000000000000000000000000000000000000001000000000000000000000000000000000000000000000000000000000000000000000000000010000000000000000000000000000000010000000000000000000000100000000000
00000000000000000000000000000000000000000000000000000001000000000000000000000000000000000000000000000000000000000000000000000000000011000000000000000000000000000000010000000000000000000001100000000000
00000000000000000000000000000000000000000000000000000001000000000000000000000000000000000000000000000000000000000000000000000000000001100000000000000000000000000000010000000000000000000011000000000000
00000000000000000000000000000000000000000000000000000001000000000000000000000000000000000000000000000000000000000000000000000000000000110000000000000000000000000000010000000000000000000110000000000000
00000000000000000000000000000000000000000000000000000001000000000000000000000000000000000000000000000000000000000000000000000000000000011000000000000000000000000000010000000000000000001100000000000000
00000000000000000000000000000000000000000000000000000001100000000000000000000000000000000000000000000000000000000000000000000000000000001100000000000000000000000000110000000000000000011000000000000000
00000000000000000000000000000000000000000000000000000001100000000000000000000000000000000000000000000000000000000000000000000000000000000110000000000000000000000000110000000000000000110000000000000000
00000000000000000000000000000000000000000000000000000001100000000000000000000000000000000000000000000000000000000000000000000000000000000011100000000000000000000000110000000000000011100000000000000000
00000000000000000000000000000000000000000000000000000000100000000000000000000000000000000000000000000000000000000000000000000000000000000000110000000000000000000000100000000000000110000000000000000000
00000000000000000000000000000000000000000000000000000000100000000000000000000000000000000000000000000000000000000000000000000000000000000000011100000000000000000000100000000000011100000000000000000000
00000000000000000000000000000000000000000000000000000000100000000000000000000000000000000000000000000000000000000000000000000000000000000000000111000000000000000000100000000001110000000000000000000000
00000000000000000000000000000000000000000000000000000000110000000000000000000000000000000000000000000000000000000000000000000000000000000000000001110000000000000001100000000111000000000000000000000000
00000000000000000000000000000000000000000000000000000000110000000000000000000000000000000000000000000000000000000000000000000000000000000000000000011110000000000001100000111100000000000000000000000000
00000000000000000000000000000000000000000000000000000000010000000000000000000000000000000000000000000000000000000000000000000000000000000000000000000011111100000001011111100000000000000000000000000000
00000000000000000000000000000000000000000000000000000000010000000000000000000000000000000000000000000000000000000000000000000000000000000000000000000000011111111111111100000000000000000000000000000000
00000000000000000000000000000000000000000000000000000000011000000000000000000000000000000000000000000000000000000000000000000000000000000000000000000000000000000011000000000000000000000000000000000000
00000000000000000000000000000000000000000000000000000000011000000000000000000000000000000000000000000000000000000000000000000000000000000000000000000000000000000011000000000000000000000000000000000000
00000000000000000000000000000000000000000000000000000000001000000000000000000000000000000000000000000000000000000000000000000000000000000000000000000000000000000010000000000000000000000000000000000000
00000000000000000000000000000000000000000000000000000000001100000000000000000000000000000000000000000000000000000000000000000000000000000000000000000000000000000110000000000000000000000000000000000000
00000000000000000000000000000000000000000000000000000000000100000000000000000000000000000000000000000000000000000000000000000000000000000000000000000000000000000100000000000000000000000000000000000000
00000000000000000000000000000000000000000000000000000000000100000000000000000000000000000000000000000000000000000000000000000000000000000000000000000000000000000100000000000000000000000000000000000000
00000000000000000000000000000000000000000000000000000000000110000000000000000000000000000000000000000000000000000000000000000000000000000000000000000000000000001100000000000000000000000000000000000000
00000000000000000000000000000000000000000000000000000000000010000000000000000000000000000000000000000000000000000000000000000000000000000000000000000000000000001000000000000000000000000000000000000000
00000000000000000000000000000000000000000000000000000000000011000000000000000000000000000000000000000000000000000000000000000000000000000000000000000000000000011000000000000000000000000000000000000000
00000000000000000000000000000000000000000000000000000000000001000000000000000000000000000000000000000000000000000000000000000000000000000000000000000000000000010000000000000000000000000000000000000000
00000000000000000000000000000000000000000000000000000000000001100000000000000000000000000000000000000000000000000000000000000000000000000000000000000000000000110000000000000000000000000000000000000000
00000000000000000000000000000000000000000000000000000000000000100000000000000000000000000000000000000000000000000000000000000000000000000000000000000000000000100000000000000000000000000000000000000000
00000000000000000000000000000000000000000000000000000000000000110000000000000000000000000000000000000000000000000000000000000000000000000000000000000000000001100000000000000000000000000000000000000000
00000000000000000000000000000000000000000000000000000000000000011000000000000000000000000000000000000000000000000000000000000000000000000000000000000000000011000000000000000000000000000000000000000000
00000000000000000000000000000000000000000000000000000000000000001000000000000000000000000000000000000000000000000000000000000000000000000000000000000000000010000000000000000000000000000000000000000000
00000000000000000000000000000000000000000000000000000000000000001100000000000000000000000000000000000000000000000000000000000000000000000000000000000000000110000000000000000000000000000000000000000000
00000000000000000000000000000000000000000000000000000000000000000110000000000000000000000000000000000000000000000000000000000000000000000000000000000000001100000000000000000000000000000000000000000000
00000000000000000000000000000000000000000000000000000000000000000010000000000000000000000000000000000000000000000000000000000000000000000000000000000000001000000000000000000000000000000000000000000000
00000000000000000000000000000000000000000000000000000000000000000011000000000000000000000000000000000000000000000000000000000000000000000000000000000000011000000000000000000000000000000000000000000000
00000000000000000000000000000000000000000000000000000000000000000001100000000000000000000000000000000000000000000000000000000000000000000000000000000000110000000000000000000000000000000000000000000000
00000000000000000000000000000000000000000000000000000000000000000000110000000000000000000000000000000000000000000000000000000000000000000000000000000001100000000000000000000000000000000000000000000000
00000000000000000000000000000000000000000000000000000000000000000000011000000000000000000000000000000000000000000000000000000000000000000000000000000011000000000000000000000000000000000000000000000000
00000000000000000000000000000000000000000000000000000000000000000000001100000000000000000000000000000000000000000000000000000000000000000000000000000110000000000000000000000000000000000000000000000000
00000000000000000000000000000000000000000000000000000000000000000000000110000000000000000000000000000000000000000000000000000000000000000000000000001100000000000000000000000000000000000000000000000000
00000000000000000000000000000000000000000000000000000000000000000000000011000000000000000000000000000000000000000000000000000000000000000000000000011000000000000000000000000000000000000000000000000000
00000000000000000000000000000000000000000000000000000000000000000000000001100000000000000000000000000000000000000000000000000000000000000000000000110000000000000000000000000000000000000000000000000000
00000000000000000000000000000000000000000000000000000000000000000000000000110000000000000000000000000000000000000000000000000000000000000000000001100000000000000000000000000000000000000000000000000000
00000000000000000000000000000000000000000000000000000000000000000000000000011000000000000000000000000000000000000000000000000000000000000000000011000000000000000000000000000000000000000000000000000000
00000000000000000000000000000000000000000000000000000000000000000000000000001110000000000000000000000000000000000000000000000000000000000000001110000000000000000000000000000000000000000000000000000000
00000000000000000000000000000000000000000000000000000000000000000000000000000011000000000000000000000000000000000000000000000000000000000000011000000000000000000000000000000000000000000000000000000000
00000000000000000000000000000000000000000000000000000000000000000000000000000001110000000000000000000000000000000000000000000000000000000001110000000000000000000000000000000000000000000000000000000000
00000000000000000000000000000000000000000000000000000000000000000000000000000000011000000000000000000000000000000000000000000000000000000011000000000000000000000000000000000000000000000000000000000000
00000000000000000000000000000000000000000000000000000000000000000000000000000000001110000000000000000000000000000000000000000000000000001110000000000000000000000000000000000000000000000000000000000000
00000000000000000000000000000000000000000000000000000000000000000000000000000000000011100000000000000000000000000000000000000000000000111000000000000000000000000000000000000000000000000000000000000000
00000000000000000000000000000000000000000000000000000000000000000000000000000000000000111000000000000000000000000000000000000000000011100000000000000000000000000000000000000000000000000000000000000000
00000000000000000000000000000000000000000000000000000000000000000000000000000000000000001111000000000000000000000000000000000000011110000000000000000000000000000000000000000000000000000000000000000000
00000000000000000000000000000000000000000000000000000000000000000000000000000000000000000001111000000000000000000000000000000011110000000000000000000000000000000000000000000000000000000000000000000000
00000000000000000000000000000000000000000000000000000000000000000000000000000000000000000000011111100000000000000000000000111111000000000000000000000000000000000000000000000000000000000000000000000000
00000000000000000000000000000000000000000000000000000000000000000000000000000000000000000000000001111111100000000000111111110000000000000000000000000000000000000000000000000000000000000000000000000000
00000000000000000000000000000000000000000000000000000000000000000000000000000000000000000000000000000011111111111111111000000000000000000000000000000000000000000000000000000000000000000000000000000000
00000000000000000000000000000000000000000000000000000000000000000000000000000000000000000000000000000000000000000000000000000000000000000000000000000000000000000000000000000000000000000000000000000000
00000000000000000000000000000000000000000000000000000000000000000000000000000000000000000000000000000000000000000000000000000000000000000000000000000000000000000000000000000000000000000000000000000000
00000000000000000000000000000000000000000000000000000000000000000000000000000000000000000000000000000000000000000000000000000000000000000000000000000000000000000000000000000000000000000000000000000000
00000000000000000000000000000000000000000000000000000000000000000000000000000000000000000000000000000000000000000000000000000000000000000000000000000000000000000000000000000000000000000000000000000000
