#
50 2
50 3
51 4
51 5
51 6
52 7
52 8
52 9
53 10
53 11
53 12
54 13
54 14
54 15
55 16
55 17
55 18
56 19
56 20
56 21
56 22
57 23
57 24
57 25
58 26
58 27
58 28
59 29
59 30
59 31
60 32
60 33
60 34
61 35
61 36
61 37
62 38
63 38
64 38
65 38
66 38
67 38
68 38
69 38
70 38
71 38
72 38
73 38
74 38
75 38
76 38
77 38
78 38
79 38
80 38
81 38
82 38
83 38
84 38
85 38
86 38
87 38
88 38
89 38
90 38
91 38
92 38
93 38
94 38
95 38
96 38
97 38
98 38
99 38
98 39
97 40
96 40
95 41
94 42
93 42
92 43
91 44
90 44
89 45
88 46
87 46
86 47
85 48
84 49
83 49
82 50
81 51
80 52
79 52
78 53
77 54
76 55
75 55
74 56
73 57
72 57
71 58
70 59
69 60
69 61
69 62
70 63
70 64
70 65
71 66
71 67
71 68
72 69
72 70
72 71
73 72
73 73
73 74
74 75
74 76
74 77
75 78
75 79
75 80
76 81
76 82
76 83
77 84
77 85
77 86
78 87
78 88
78 89
78 90
79 91
79 92
79 93
80 94
80 95
79 95
78 94
79 94
78 93
77 93
76 93
75 92
76 92
77 92
78 91
#
49 3
50 4
50 5
49 6
49 7
48 8
48 9
48 10
47 11
47 12
47 13
46 14
46 15
46 16
45 17
45 18
45 19
44 20
44 21
44 22
43 23
43 24
43 25
42 26
42 27
42 28
42 29
41 30
41 31
41 32
40 33
40 34
40 35
39 36
39 37
39 38
38 38
37 38
36 38
35 38
34 38
33 38
32 38
31 38
30 38
29 38
28 38
27 38
26 38
25 38
24 38
23 38
22 38
21 38
20 38
19 38
18 38
17 38
16 38
15 38
14 38
13 38
12 38
11 38
10 38
9 38
8 38
7 38
6 38
5 38
4 39
5 40
6 41
7 42
8 42
9 43
10 44
11 44
12 45
13 46
14 47
15 47
16 48
17 49
18 50
19 50
20 51
21 52
22 52
23 53
24 54
25 55
26 55
27 56
28 57
29 58
30 58
31 59
31 60
31 61
31 62
30 63
30 64
30 65
29 66
29 67
29 68
28 69
28 70
28 71
28 72
27 73
27 74
27 75
26 76
26 77
26 78
25 79
25 80
25 81
24 82
24 83
24 84
23 85
23 86
23 87
22 88
22 89
22 90
21 91
21 92
22 93
23 93
22 94
21 94
20 95
20 94
20 93
21 93
#
49 4
49 5
48 6
48 7
#
51 7
51 8
#
47 9
47 10
#
52 10
52 11
#
46 12
46 13
#
53 13
53 14
#
45 15
45 16
#
54 16
54 17
#
44 18
44 19
#
55 19
55 20
#
43 21
43 22
#
56 23
#
42 25
#
57 26
57 27
#
41 28
41 29
#
58 29
58 30
#
40 31
40 32
#
59 32
59 33
#
39 34
39 35
#
60 35
60 36
#
38 37
#
1 38
2 38
3 38
4 38
3 39
4 40
5 41
6 42
#
61 38
#
2 39
#
8 43
9 44
10 45
11 45
12 46
13 47
14 48
15 48
16 49
17 50
#
90 43
91 43
#
89 44
88 45
#
86 46
85 47
84 48
#
82 49
81 50
80 51
79 51
78 52
77 53
76 54
75 54
74 55
73 56
#
19 51
20 52
21 53
22 53
23 54
24 55
#
26 56
27 57
#
71 57
70 58
69 59
68 60
68 59
#
30 59
#
30 62
#
69 63
#
29 65
#
70 66
#
28 68
#
71 69
71 70
#
27 71
27 72
#
72 72
72 73
#
26 74
26 75
#
48 74
49 74
50 74
51 74
52 75
53 76
54 77
55 77
56 77
57 78
58 79
59 79
60 80
61 81
62 82
63 82
64 83
65 84
66 84
67 85
68 86
69 87
70 87
71 88
72 89
73 90
74 90
75 91
74 91
73 91
72 90
71 89
70 88
69 88
68 87
67 86
66 85
65 85
64 84
63 83
#
46 75
47 75
48 75
47 76
46 76
45 77
44 78
43 78
42 79
41 80
40 81
39 82
38 82
37 83
36 84
35 84
34 85
33 86
32 87
31 87
30 88
29 89
28 90
27 90
26 91
25 92
24 92
23 92
#
73 75
73 76
#
45 76
44 77
#
25 77
25 78
#
56 78
57 79
58 80
59 80
60 81
61 82
#
74 78
74 79
#
41 79
40 80
39 81
38 81
37 82
36 83
#
24 80
24 81
#
75 81
75 82
#
23 83
23 84
#
34 84
33 85
32 86
31 86
30 87
29 88
28 89
27 89
26 90
25 91
#
76 84
76 85
#
22 86
22 87
#
77 87
77 88
